     Media	   Mediana	     Range	  Distance	      Tmax	      dm15	      Jmax	      Hmax	    Tmax-J	    Tmax-H
   9.61170	   9.61170	  35.98000	   9.61170	 278.37738	   1.09053	  15.57914	  15.82875	  -4.45831	  -4.61001
  10.58670	  10.58670	  34.05000	  17.02500	 278.35704	   1.08988	  15.52589	  15.73637	  -4.47906	  -4.63022
  -7.40330	  -7.40330	   1.95000	   0.97500	 278.37762	   1.09070	  15.60176	  15.81292	  -4.45794	  -4.60980
  -7.88830	  -7.88830	   2.92000	   1.46000	 278.38222	   1.09137	  15.59610	  15.78451	  -4.45294	  -4.60537
   7.57170	   7.57170	  30.00000	   7.57170	 278.36040	   1.08986	  15.58127	  15.75401	  -4.47570	  -4.62686
   7.09670	   7.09670	  30.95000	  15.47500	 278.36921	   1.09029	  15.59766	  15.79805	  -4.46664	  -4.61813
  -3.38330	  -3.38330	  11.93000	   5.96500	 278.44495	   1.09288	  15.52223	  15.82286	  -4.38925	  -4.54300
  -6.92330	  -6.92330	   0.97000	   0.48500	 278.35667	   1.08941	  15.56863	  15.76684	  -4.47973	  -4.63052
   9.12670	   9.12670	  36.95000	  18.47500	 278.38802	   1.09148	  15.59453	  15.82347	  -4.44708	  -4.59958
   7.57670	   7.57670	  30.01000	   7.57670	 278.36082	   1.08991	  15.57981	  15.75345	  -4.47525	  -4.62646
   8.07670	   8.07670	  29.01000	  14.50500	 278.35472	   1.08955	  15.53688	  15.73174	  -4.48159	  -4.63247
   8.07170	   8.07170	  29.02000	  14.51000	 278.35463	   1.08960	  15.53551	  15.70729	  -4.48166	  -4.63260
  -7.88830	  -7.88830	   2.92000	   1.46000	 278.38177	   1.09112	  15.59143	  15.80722	  -4.45355	  -4.60577
  -8.86330	  -8.86330	   0.97000	   0.48500	 278.35752	   1.08961	  15.66840	  15.89802	  -4.47876	  -4.62970
  -4.40830	  -4.40830	   6.00000	   3.00000	 278.39947	   1.09089	  15.50532	  15.77664	  -4.43600	  -4.58801
  -3.38330	  -3.38330	  11.93000	   3.38330	 278.44495	   1.09288	  15.52223	  15.82286	  -4.38925	  -4.54300
  -6.92830	  -6.92830	   1.00000	   0.50000	 278.35781	   1.08952	  15.57994	  15.78115	  -4.47851	  -4.62939
  -6.93330	  -6.93330	   0.99000	   0.49500	 278.35866	   1.08955	  15.57907	  15.76124	  -4.47766	  -4.62854
  -6.91830	  -6.91830	   0.98000	   0.49000	 278.35580	   1.08938	  15.56948	  15.78658	  -4.48062	  -4.63137
  10.59170	  10.59170	  34.04000	  17.02000	 278.35767	   1.08975	  15.52721	  15.76245	  -4.47851	  -4.62957
  -4.40830	  -4.40830	   6.00000	   3.00000	 278.39947	   1.09089	  15.50532	  15.77664	  -4.43600	  -4.58801
  -8.86330	  -8.86330	   0.97000	   0.48500	 278.35752	   1.08961	  15.66840	  15.89802	  -4.47876	  -4.62970
   7.10170	   7.10170	  30.96000	  15.48000	 278.36991	   1.09036	  15.59560	  15.79692	  -4.46588	  -4.61746
  -7.89330	  -7.89330	   0.97000	   0.48500	 278.35750	   1.08954	  15.60758	  15.83340	  -4.47882	  -4.62970
  -4.42330	  -4.42330	   6.01000	   3.00500	 278.40750	   1.09117	  15.51958	  15.74030	  -4.42779	  -4.58004
   6.61670	   6.61670	  31.93000	  15.96500	 278.38049	   1.09124	  15.63442	  15.78399	  -4.45474	  -4.60705
  -5.37830	  -5.37830	   7.94000	   3.97000	 278.44230	   1.09430	  15.51207	  15.79639	  -4.39102	  -4.54602
  13.09670	  13.09670	  29.01000	  14.50500	 278.34606	   1.08912	  15.41822	  15.73725	  -4.49054	  -4.64108
  -8.86330	  -8.86330	   0.97000	   0.48500	 278.35333	   1.08927	  15.69262	  15.89854	  -4.48315	  -4.63382
  -3.91830	  -3.91830	   5.02000	   2.51000	 278.38281	   1.09014	  15.49934	  15.75274	  -4.45312	  -4.60452
  -1.92330	  -1.92330	   9.01000	   4.50500	 278.39151	   1.08952	  15.50319	  15.76134	  -4.44482	  -4.59570
  -2.90330	  -2.90330	  10.95000	   5.47500	 278.42603	   1.09111	  15.52900	  15.79098	  -4.40930	  -4.56149
   9.12670	   9.12670	  36.95000	   9.12670	 278.38988	   1.09168	  15.60839	  15.82345	  -4.44507	  -4.59778
  -3.92330	  -3.92330	   5.01000	   2.50500	 278.38379	   1.09008	  15.50316	  15.72532	  -4.45218	  -4.60351
  25.09170	  25.09170	   5.02000	  25.09170	 278.35146	   1.08922	  15.21534	  15.67371	  -4.48504	  -4.63568
  12.57670	  12.57670	  19.99000	  12.57670	 278.34418	   1.08923	  15.37015	  15.71894	  -4.49234	  -4.64297
  -4.89330	  -4.89330	   6.97000	   3.48500	 278.44089	   1.09334	  15.52697	  15.80372	  -4.39303	  -4.54718
  25.08670	  25.08670	   5.03000	  25.08670	 278.35150	   1.08922	  15.21972	  15.67407	  -4.48501	  -4.63565
  -7.89330	  -7.89330	   0.97000	   0.48500	 278.35821	   1.08954	  15.60753	  15.84840	  -4.47812	  -4.62899
  10.10170	  10.10170	  35.02000	  10.10170	 278.36474	   1.09001	  15.54552	  15.79750	  -4.47128	  -4.62256
  -7.90330	  -7.90330	   0.95000	   0.47500	 278.35636	   1.08941	  15.62246	  15.84296	  -4.48004	  -4.63083
  -8.86330	  -8.86330	   0.97000	   0.48500	 278.35695	   1.08959	  15.66842	  15.84861	  -4.47934	  -4.63028
  10.58670	  10.58670	  34.03000	  10.58670	 278.35798	   1.08962	  15.52877	  15.75335	  -4.47830	  -4.62924
  -2.41330	  -2.41330	   9.99000	   4.99500	 278.40647	   1.09009	  15.51185	  15.79014	  -4.42950	  -4.58084
  -6.43330	  -6.43330	   0.01000	   0.00500	 278.35281	   1.08923	  15.55626	  15.74450	  -4.48370	  -4.63434
  31.07170	  31.07170	  57.00000	  31.07170	 278.35258	   1.08922	  15.40514	  15.72232	  -4.48394	  -4.63455
  15.08670	  15.08670	  25.03000	  15.08670	 278.34410	   1.08929	  15.37496	  15.72423	  -4.49237	  -4.64306
  -3.92330	  -3.92330	   5.03000	   2.51500	 278.38064	   1.09012	  15.49862	  15.73358	  -4.45532	  -4.60669
   6.61170	   6.61170	  31.92000	  15.96000	 278.37819	   1.09099	  15.62267	  15.78519	  -4.45721	  -4.60931
  26.57170	  26.57170	  66.00000	  33.00000	 278.35269	   1.08922	  15.55694	  15.76260	  -4.48382	  -4.63446
   7.57170	   7.57170	  30.00000	   7.57170	 278.36040	   1.08986	  15.58127	  15.75401	  -4.47570	  -4.62686
  -4.89330	  -4.89330	   6.97000	   3.48500	 278.42187	   1.09228	  15.51192	  15.79005	  -4.41272	  -4.56591
  -6.92830	  -6.92830	   1.00000	   0.50000	 278.35781	   1.08952	  15.57994	  15.78115	  -4.47851	  -4.62939
   7.09670	   7.09670	  30.95000	  15.47500	 278.36816	   1.09028	  15.59772	  15.77894	  -4.46768	  -4.61920
  -4.89830	  -4.89830	   6.96000	   3.48000	 278.42630	   1.09223	  15.51689	  15.77046	  -4.40832	  -4.56149
  -4.89330	  -4.89330	   6.97000	   3.48500	 278.42187	   1.09228	  15.51192	  15.79005	  -4.41272	  -4.56591
   9.61670	   9.61670	  35.99000	  17.99500	 278.38079	   1.09107	  15.61578	  15.84072	  -4.45456	  -4.60672
  15.09670	  15.09670	  25.03000	  15.09670	 278.34401	   1.08926	  15.35758	  15.75963	  -4.49249	  -4.64312
  15.09170	  15.09170	  25.04000	  15.09170	 278.34378	   1.08940	  15.37239	  15.73627	  -4.49261	  -4.64340
  31.07670	  31.07670	  56.99000	  31.07670	 278.35253	   1.08921	  15.39111	  15.75720	  -4.48401	  -4.63461
  -2.89830	  -2.89830	  10.96000	   2.89830	 278.44450	   1.09195	  15.54523	  15.82360	  -4.39029	  -4.54321
   8.07170	   8.07170	  29.00000	  14.50000	 278.35454	   1.08951	  15.53793	  15.73207	  -4.48181	  -4.63266
  -7.40830	  -7.40830	   1.94000	   0.97000	 278.37059	   1.09014	  15.58483	  15.79216	  -4.46536	  -4.61673
  -2.90330	  -2.90330	  10.95000	   5.47500	 278.42603	   1.09111	  15.52900	  15.79098	  -4.40930	  -4.56149
   9.61170	   9.61170	  35.98000	   9.61170	 278.37738	   1.09053	  15.57914	  15.82875	  -4.45831	  -4.61001
   8.07170	   8.07170	  29.02000	   8.07170	 278.35463	   1.08960	  15.53551	  15.70729	  -4.48166	  -4.63260
  -6.43330	  -6.43330	   0.01000	   0.00500	 278.35281	   1.08923	  15.55626	  15.74450	  -4.48370	  -4.63434
   7.10170	   7.10170	  30.96000	   7.10170	 278.36884	   1.09034	  15.59565	  15.77804	  -4.46698	  -4.61853
   8.07670	   8.07670	  29.01000	  14.50500	 278.35472	   1.08955	  15.53688	  15.73174	  -4.48159	  -4.63247
  -4.42330	  -4.42330	   6.01000	   3.00500	 278.40750	   1.09117	  15.51958	  15.74030	  -4.42779	  -4.58004
  -1.93330	  -1.93330	   9.01000	   1.93330	 278.38835	   1.08947	  15.50646	  15.72546	  -4.44799	  -4.59884
  -2.89830	  -2.89830	  10.96000	   5.48000	 278.42719	   1.09122	  15.52301	  15.80726	  -4.40805	  -4.56036
   9.61170	   9.61170	  35.98000	   9.61170	 278.38118	   1.09095	  15.61879	  15.82876	  -4.45425	  -4.60632
   0.57670	   0.57670	   3.99000	   0.57670	 278.35568	   1.08914	  15.43174	  15.70019	  -4.48089	  -4.63144
   9.61170	   9.61170	  35.98000	   9.61170	 278.37738	   1.09053	  15.57914	  15.82875	  -4.45831	  -4.61001
   9.13170	   9.13170	  36.96000	  18.48000	 278.38774	   1.09161	  15.59052	  15.83889	  -4.44726	  -4.59991
  10.57670	  10.57670	  23.99000	  11.99500	 278.34679	   1.08926	  15.43206	  15.67841	  -4.48971	  -4.64035
  -4.89330	  -4.89330	   6.97000	   3.48500	 278.42442	   1.09231	  15.51187	  15.80433	  -4.41015	  -4.56338
  -8.37830	  -8.37830	   1.94000	   0.97000	 278.37115	   1.09054	  15.62301	  15.84780	  -4.46454	  -4.61627
  10.09670	  10.09670	  35.01000	  10.09670	 278.36514	   1.08988	  15.54744	  15.78705	  -4.47094	  -4.62213
  -7.89330	  -7.89330	   0.97000	   0.48500	 278.35821	   1.08954	  15.60753	  15.84840	  -4.47812	  -4.62899
  -1.92830	  -1.92830	   9.00000	   1.92830	 278.39014	   1.08945	  15.50744	  15.74770	  -4.44622	  -4.59704
  15.09170	  15.09170	  25.04000	  15.09170	 278.34378	   1.08940	  15.37239	  15.73627	  -4.49261	  -4.64340
  25.09170	  25.09170	   5.02000	  25.09170	 278.35146	   1.08922	  15.21534	  15.67371	  -4.48504	  -4.63568
  -1.92330	  -1.92330	   9.01000	   4.50500	 278.39151	   1.08952	  15.50319	  15.76134	  -4.44482	  -4.59570
  15.09170	  15.09170	  25.02000	  15.09170	 278.34434	   1.08918	  15.36010	  15.74736	  -4.49221	  -4.64279
  -4.42330	  -4.42330	   6.01000	   3.00500	 278.40750	   1.09117	  15.51958	  15.74030	  -4.42779	  -4.58004
   7.57670	   7.57670	  30.01000	  15.00500	 278.36082	   1.08991	  15.57981	  15.75345	  -4.47525	  -4.62646
  -8.86330	  -8.86330	   0.97000	   0.48500	 278.35421	   1.08934	  15.69984	  15.89845	  -4.48224	  -4.63296
  -8.37830	  -8.37830	   1.94000	   0.97000	 278.36885	   1.09048	  15.62320	  15.82214	  -4.46685	  -4.61856
  -8.86330	  -8.86330	   0.97000	   0.48500	 278.35421	   1.08934	  15.69984	  15.89845	  -4.48224	  -4.63296
  12.57670	  12.57670	  20.01000	  12.57670	 278.34435	   1.08932	  15.38413	  15.69732	  -4.49209	  -4.64282
  -7.88830	  -7.88830	   2.92000	   1.46000	 278.38177	   1.09112	  15.59143	  15.80722	  -4.45355	  -4.60577
  -5.38330	  -5.38330	   7.93000	   3.96500	 278.44414	   1.09418	  15.51791	  15.75696	  -4.38928	  -4.54416
  -4.89830	  -4.89830	   6.96000	   3.48000	 278.42630	   1.09223	  15.51689	  15.77046	  -4.40832	  -4.56149
  -2.41330	  -2.41330	   9.99000	   4.99500	 278.40647	   1.09009	  15.51185	  15.79014	  -4.42950	  -4.58084
  -6.92330	  -6.92330	   0.97000	   0.48500	 278.35667	   1.08941	  15.56863	  15.76684	  -4.47973	  -4.63052
  -3.38830	  -3.38830	  11.92000	   3.38830	 278.44180	   1.09286	  15.53342	  15.76912	  -4.39242	  -4.54614
  15.09170	  15.09170	  25.04000	  15.09170	 278.34378	   1.08940	  15.37239	  15.73627	  -4.49261	  -4.64340
   9.12670	   9.12670	  36.95000	  18.47500	 278.38988	   1.09168	  15.60839	  15.82345	  -4.44507	  -4.59778
  10.08670	  10.08670	  35.03000	  17.51500	 278.36599	   1.09005	  15.56822	  15.77930	  -4.47000	  -4.62130
  10.09670	  10.09670	  35.01000	  10.09670	 278.36514	   1.08988	  15.54744	  15.78705	  -4.47094	  -4.62213
   9.61670	   9.61670	  35.99000	   9.61670	 278.38079	   1.09107	  15.61578	  15.84072	  -4.45456	  -4.60672
  10.59170	  10.59170	  34.04000	  10.59170	 278.35767	   1.08975	  15.52721	  15.76245	  -4.47851	  -4.62957
   9.61170	   9.61170	  35.98000	   9.61170	 278.37738	   1.09053	  15.57914	  15.82875	  -4.45831	  -4.61001
  -7.88830	  -7.88830	   2.92000	   1.46000	 278.38222	   1.09137	  15.59610	  15.78451	  -4.45294	  -4.60537
  15.08670	  15.08670	  25.03000	  15.08670	 278.34410	   1.08929	  15.37496	  15.72423	  -4.49237	  -4.64306
  10.09670	  10.09670	  35.01000	  17.50500	 278.36514	   1.08988	  15.54744	  15.78705	  -4.47094	  -4.62213
  -4.41330	  -4.41330	   5.99000	   2.99500	 278.40078	   1.09084	  15.50959	  15.74626	  -4.43472	  -4.58670
  -7.40330	  -7.40330	   1.95000	   0.97500	 278.36754	   1.09008	  15.58597	  15.80023	  -4.46844	  -4.61978
   7.58670	   7.58670	  29.99000	  14.99500	 278.36020	   1.08980	  15.55807	  15.76092	  -4.47595	  -4.62707
  -8.38830	  -8.38830	   1.92000	   0.96000	 278.36782	   1.09025	  15.64104	  15.84141	  -4.46804	  -4.61953
  43.59170	  43.59170	  31.96000	  43.59170	 278.35211	   1.08915	  15.19187	  15.73742	  -4.48446	  -4.63501
   6.61670	   6.61670	  31.93000	   6.61670	 278.37919	   1.09110	  15.61950	  15.78392	  -4.45614	  -4.60833
   0.58170	   0.58170	   3.98000	   0.58170	 278.35507	   1.08908	  15.42683	  15.73356	  -4.48153	  -4.63205
   8.07170	   8.07170	  29.00000	   8.07170	 278.35454	   1.08951	  15.53793	  15.73207	  -4.48181	  -4.63266
   0.58170	   0.58170	   3.98000	   0.58170	 278.35507	   1.08908	  15.42683	  15.73356	  -4.48153	  -4.63205
